0
0
0
0
0
0
0
0
0
0
4
0
0
4
0
0
0
0
0
0
0
0
0
0
0
0
0
0
0
0
0
0
238
0
0
0
0
0
0
0
0
0
0
0
17
0
32
0
0
0
0
0
0
0
0
0
0
0
0
0
0
0
0
0
0
1
0
1
3
1
1
0
0
0
0
0
1
3
4
0
3
4
0
5
0
2
3
0
0
0
0
0
0
0
0
0
0
103
14
57
48
129
13
20
6
151
1
0
74
52
69
54
27
12
75
113
119
118
22
0
1
0
0
0
0
0
0
0
0
0
0
0
0
0
0
0
0
0
0
0
0
0
0
0
0
0
0
0
0
0
0
0
0
0
0
0
0
0
0
0
0
0
0
0
0
0
0
0
0
0
0
0
0
0
0
0
0
0
0
0
0
0
0
0
0
0
0
0
0
0
0
0
0
0
0
0
0
0
0
0
0
0
0
0
0
0
0
0
0
0
0
0
0
0
0
0
0
0
0
0
0
0
0
0
0
0
0
0
0
0
0
0
0
0
0
0
0
0
0
0
0
0
0
0
0
0
0
0
0
0
0
0
0
0
0
0
